Pos	SurEf	RepEf	Chrom	InitGen	FinalGen
0.40767895899606343	0.2535188293107975	0.9005663494908759	0	1	9
0.3204023225385053	0.9176190126125991	0.363997619077553	0	1	2
0.24370679803704276	0.37315943956705366	0.963775440848032	0	1	2
0.7977043995157981	0.8589028615986407	0.6815227276312142	0	1	22
0.12836336211662935	0.523915949706119	0.2715262087773729	0	1	2
0.3361632302410088	0.5157728784861313	0.3449089791588811	0	1	7
0.6319257470741999	0.016747725271880287	0.5033258527383239	0	2	3
0.24694539188035602	0.3295132169642323	0.750510196137259	0	2	4
0.3179143814083012	0.24035238271095094	0.3612674729331927	0	2	3
0.6680957720654205	0.388393479135684	0.5823299765666666	0	2	5
0.7277766159482875	0.24658902779459135	0.20170337839527308	0	2	4
0.2631820141500576	0.6160527712948418	0.3694651450422305	0	2	5
0.13566883857481937	0.6991796253096799	0.8331244248216092	0	2	3
0.4650850850525724	0.5741693359815632	0.2732098709073617	0	2	4
0.940833005024699	0.7608251682326111	0.6606607702395813	0	2	3
0.15976853599591478	0.5606326528119804	0.6944554409690002	0	2	14
0.3668257856235888	0.5497344967376616	0.1765473079388612	0	3	4
0.4651274903408007	0.21771992889988168	0.17863576663702085	0	3	4
0.8372846655437914	0.29556027110097227	0.7649075466069261	0	3	7
0.24206736085560054	0.017416791438958135	0.6232387235458907	0	3	4
0.30629256377546044	0.20454685504718728	0.6077993048147918	0	3	6
0.9208088307439126	0.08242212897686518	0.7643556188663099	0	3	5
0.08241606240326049	0.024075058542107453	0.3371932053891995	0	3	4
0.7621624660505656	0.23534498740949006	0.37507039539073805	0	3	5
0.5705426213067202	0.13251445595705735	0.06565882346811236	0	3	4
0.05590469410588417	0.26056925355254923	0.03313920378149915	0	3	4
0.8432547313349785	0.5896937554005988	0.13244618724028112	0	3	4
0.13884316453113932	0.21872822004527126	0.6561341705110205	0	4	6
0.2998582486166502	0.5961392008499629	0.9746309145117635	0	4	-1
0.491548892044012	0.08751768457177034	0.12835345413420363	0	4	7
0.9291027632813896	0.9308359700387947	0.5512430678708187	0	4	6
0.803124559549157	0.00935859361399849	0.17245109578289297	0	4	5
0.208695929608128	0.9710237451559931	0.4844247478415892	0	4	5
0.23970587648752173	0.564778438012014	0.0295723144940363	0	4	5
0.6354037496651158	0.7013946406457517	0.6712425574530037	0	4	15
0.5592600206555766	0.47550026122197797	0.96249985578915	0	4	36
0.7168725918427262	0.32939987016371797	0.23699801703651557	0	4	5
0.2276727807056459	0.2370462922324702	0.6193195735459183	0	5	6
0.6446323450203254	0.17923322227764638	0.1681292613613593	0	5	6
0.11384669731029995	0.7744380874408062	0.46340429048199416	0	5	11
0.7604083421672487	0.5545662770909713	0.9021594638745437	0	5	10
0.29313598143654696	0.2859492005662474	0.9760185766829644	0	5	8
0.2967681332862043	0.40933670421560897	0.27769207377175287	0	5	11
0.025725859453164523	0.4032858618301234	0.44174327023774396	0	6	7
0.8791957287828704	0.28680435542101956	0.29519482388632223	0	6	8
0.07911614047016413	0.5987321813374515	0.7274856751739782	0	6	16
0.6081279516764558	0.6527494961018792	0.6154245604151858	0	6	7
0.281844117098642	0.040308880882320874	0.2440566854821259	0	6	7
0.7563660743382775	0.8821587075408205	0.03599235515236909	0	6	7
0.8556456179771504	0.5387211053300944	0.3010790330985519	0	7	10
0.9956370425047669	0.8483072500630107	0.5083874139141777	0	7	-1
0.995803495079939	0.028828096220500754	0.12773410911688665	0	7	8
0.9422650256249693	0.6425039530343137	0.6454127158492464	0	7	19
0.48182622354158167	0.3291392597664359	0.1412733611581295	0	7	8
0.4872138684616558	0.17879970839446113	0.5741948854807215	0	7	8
0.3837642588263669	0.9290697062186577	0.8610765120597411	0	7	9
0.8207196731363224	0.7066933876537876	0.2023914258206554	0	7	9
0.6206335885488184	0.2353131600150331	0.7577674468721145	0	7	10
0.9098670357928916	0.646457617852839	0.5226693998671985	0	7	8
0.30234610397163564	0.9693193109961457	0.531369678026427	0	7	-1
0.21069898481104188	0.0028848843225274257	0.3122415349935812	0	8	9
0.33837979168313603	0.044984992821093694	0.7701784409330991	0	8	9
0.07345010961882836	0.4869676380623984	0.7154445820997819	0	8	9
0.37154146974743174	0.742867143392244	0.06008539578537675	0	8	9
0.018253807631823493	0.6084623579411976	0.7913410265995198	0	8	9
0.6225668768153726	0.7943214133110663	0.7873392967904349	0	8	9
0.4784755279574233	0.1725993622234161	0.08499806633962559	0	8	9
0.35509964005403494	0.8427892976056949	0.1149242381330311	0	8	9
0.32631397346398994	0.7471134403183407	0.0647531919109482	0	9	10
0.7958738441342859	0.5724143395611719	0.7271663402310579	0	9	10
0.48895862599634177	0.9228163388753303	0.3250883049378065	0	9	40
0.04169864209468943	0.27325535852911	0.6410822929018943	0	9	10
0.7331427031049259	0.6772544498485797	0.5283640628075766	0	10	11
0.9737004514345012	0.26878179978937833	0.5986628816001875	0	10	13
0.14599417669746562	0.577186868497583	0.8437529278708105	0	10	16
0.6826227420244037	0.7380721052108742	0.5335630415042295	0	10	11
0.6601231651632605	0.0018590165907079736	0.37646208455828634	0	10	11
0.1390954800206624	0.584357635088492	0.47411766053793436	0	10	18
0.11082228145808781	0.025633142524630004	0.3561843423780454	0	10	11
0.23938969438338176	0.2742988601861761	0.6144019085546428	0	10	12
0.17294906455132208	0.1674052932728035	0.16711590282080047	0	10	11
0.9306952970269398	0.7930823811780071	0.28901128891224526	0	10	11
0.9426928342750749	0.2858551105857905	0.3253339149372708	0	10	12
0.3363409806072384	0.10628444740841991	0.18129590803256368	0	10	11
0.5058698129478721	0.47837372797655153	0.019844162614820582	0	10	11
0.307641715925009	0.6345950942992721	0.9368108264917724	0	10	-1
0.4448209309248594	0.9210181428602882	0.1590290447751621	0	10	14
0.5246814781291477	0.14230049927732324	0.8383346808993242	0	11	12
0.5530266685345555	0.6668176179326363	0.9537691200509213	0	11	-1
0.20565019274180796	0.19913634360644272	0.7380915735444726	0	11	14
0.20690684916736035	0.7491465969223144	0.8910973386502278	0	11	13
0.15312570385393098	0.29596562140137506	0.7575010083104347	0	11	12
0.48337535473956716	0.17229381232257135	0.7706612324309486	0	11	12
0.7870844171516352	0.8168997119344262	0.9787057754272941	0	11	-1
0.9121131704523537	0.9473795095657704	0.9689583195404504	0	11	-1
0.7837903832235729	0.49093397744669887	0.3688049342764941	0	11	12
0.6624955803113692	0.9440487854923336	0.02574620825095919	0	11	13
0.7737449823006427	0.4782378260777005	0.66989073620767	0	12	13
0.8739703845390296	0.4243082764849311	0.9239583928558047	0	12	13
0.4977529121596087	0.4808537034133322	0.23101570976716512	0	12	13
0.8855026986278713	0.2700560292081814	0.2748933046987946	0	12	13
0.14446149920146267	0.9391945218292618	0.62252466231284	0	12	15
0.3100588620955107	0.10927722886093272	0.13311246381938668	0	12	13
0.5360555376861026	0.002326248615310833	0.30322651316081417	0	12	13
0.5695420956156276	0.48188476390752655	0.17942843076002168	0	12	14
0.5746048427610668	0.6568831584903958	0.7804369833093495	0	12	13
0.21601588565831742	0.9353588850705532	0.6383237063723072	0	12	15
0.4912466653800618	0.9577530633281105	0.9588970979593426	0	12	20
0.2111455526873648	0.971953650524328	0.625161660474167	0	12	27
0.5821276807326743	0.1917603029046523	0.5875857858360721	0	12	13
0.3708547200576726	0.04047267258818987	0.3566733050300377	0	12	13
0.0957793994721512	0.5178978743508689	0.0987818283247921	0	13	14
0.3201796198361896	0.5668628247171409	0.6922026767896856	0	13	15
0.2502222509073567	0.19967381136500073	0.7599351892945075	0	13	14
0.038461011313965954	0.7243813904388643	0.06718184658639148	0	13	14
0.6394356940228877	0.7356657827707176	0.4767701929047262	0	13	15
0.046839217924000476	0.7653288022380431	0.7387126916721236	0	13	20
0.7783087229344668	0.0910616714200081	0.8032273891949617	0	13	14
0.5399435941304274	0.3516383720329993	0.6449755699352723	0	14	16
0.19276502793651162	0.7685123867150262	0.41272403352197506	0	14	15
0.7116074613080311	0.5579653211087268	0.5429174359831646	0	14	15
0.40342801718966237	0.010117544147311364	0.3192181706807433	0	14	15
0.05529216118108071	0.5685183317991606	0.16953992323159262	0	14	16
0.60246111158956	0.6279307012557691	0.8889116698055178	0	14	16
0.7667091444758862	0.8349930072446042	0.13013229944365567	0	15	17
0.19366885626813524	0.21412164335934913	0.9583759891799501	0	15	16
0.9734966977121369	0.8434258130229453	0.49800842961927894	0	15	16
0.024817927484919955	0.9212264802687892	0.3591914229807416	0	15	24
0.15580967069994234	0.09407108163405697	0.4195430387108967	0	16	17
0.26323331672434624	0.04794389186145098	0.9064412929433948	0	16	17
0.7313189147283555	0.9166517397549241	0.07031755298517872	0	16	17
0.6842871924964361	0.5683035752432174	0.7552037051323182	0	16	17
0.04328123144209939	0.8961789906073123	0.5349681975614061	0	16	17
0.669565849799606	0.8388397638435917	0.6994510984892954	0	16	20
0.6851677382933642	0.5537002554371532	0.16157558852068998	0	16	18
0.8536012340116368	0.6521956844090399	0.5940116269364917	0	16	18
0.9828494830549236	0.38243787300286636	0.06287519722013324	0	16	19
0.7375863395219728	0.46856676736066993	0.18445867697224771	0	17	19
0.685911677511712	0.6160865948166891	0.9678835344397424	0	17	18
0.2747931838985861	0.9880898607897372	0.7747184834049153	0	17	18
0.40939033655617796	0.438806256433686	0.11163897466315542	0	17	18
0.8929764972408415	0.5847790962000601	0.8554570338447653	0	17	18
0.49414278148171253	0.7821279630791028	0.9259382068067333	0	17	18
0.8645677172483259	0.0522953134764772	0.8821552019882418	0	17	18
0.751415392085264	0.8855864738732836	0.598035332699164	0	17	18
0.5642018438472362	0.3442896258614434	0.9207754924843525	0	18	19
0.027131989350582475	0.31412776987650737	0.07809990637856745	0	18	19
0.5643042932190706	0.3848334966600693	0.7753888160287541	0	18	22
0.6500297008710345	0.5650467948443507	0.6891598066661191	0	18	19
0.1413560139453971	0.1619819539780455	0.34644973892109054	0	18	20
0.42945267624647576	0.4888806280198975	0.6263423756687919	0	18	19
0.11085525816607156	0.8156193044386871	0.7889697272817878	0	18	-1
0.7331704778395709	0.6076933408624899	0.9345193504540249	0	18	19
0.9857511860361332	0.008238975820289873	0.47971134056187836	0	18	19
0.5202242476243404	0.5451852059014791	0.41113962286591	0	18	19
0.5826398395138135	0.392376051218406	0.12122104725114169	0	18	20
0.07041660703680919	0.2924502249715343	0.39947109363087463	0	18	19
0.7321429168673755	0.47312312123956923	0.6527353733739762	0	18	19
0.20701150876227925	0.14846666197735314	0.10203537219092307	0	18	19
0.9292200771615768	0.38522229893820426	0.4903827882086669	0	19	20
0.9349588264577803	0.8759271086472615	0.8132023860349853	0	19	20
0.7015966509465635	0.5304875254403232	0.5352382837907507	0	19	21
0.7377439626988915	0.13935609681358296	0.11559395475864376	0	19	20
0.7469468707859211	0.6394361538160382	0.1501921436391751	0	19	20
0.653759846016211	0.8784857298999189	0.026858061543473366	0	19	21
0.3475445169032474	0.8835240355933754	0.2053719360812175	0	19	20
0.9626279882584662	0.8852816203525469	0.5603688135687264	0	19	20
0.8266516184111645	0.1212884196342231	0.9077698326991903	0	19	20
0.027558972533298642	0.5083684723978803	0.48472413156482796	0	20	22
0.5355158066994145	0.22053391965186853	0.28186131539459935	0	20	21
0.01182012084989481	0.32806971576081445	0.9444717289643594	0	20	25
0.2385434956132666	0.7224007615669984	0.3040521035304333	0	20	21
0.12895196293743216	0.49914009234037915	0.44675024518966544	0	20	22
0.3907567525679022	0.9552385526281297	0.259222567082136	0	20	21
0.8323023869582392	0.029115617579676734	0.2405473070628955	0	20	21
0.12408320751986757	0.49697298187977934	0.05124197404848374	0	20	21
0.4817288545440813	0.635448590648397	0.5920186335346125	0	20	21
0.14060796914132545	0.2075918205330597	0.10161174093883785	0	20	21
0.6709500825764584	0.4517552500281544	0.7202090243704179	0	21	22
0.6019869374522133	0.020041487675303005	0.9182009091887537	0	21	22
0.834593679728359	0.0658353176662354	0.43921532779891226	0	21	22
0.7727467990664916	0.017473282219472974	0.7535713038124545	0	21	22
0.36339974326188795	0.5625909841764865	0.7392473826418012	0	21	24
0.15127130477630568	0.31148461192428967	0.8439471572817917	0	21	22
0.29778119554162574	0.4585434222513043	0.19356919457788835	0	21	22
0.05037562857938782	0.9095995542136196	0.7415414243324487	0	21	22
0.7544366566960814	0.1717827905032051	0.12144324435404907	0	21	22
0.24956921080015804	0.44520368752722184	0.38839568718211914	0	21	22
0.261200747378628	0.6473940550268904	0.5622870072042739	0	21	22
0.4039243033884742	0.7458630865641294	0.021236820981859417	0	21	22
0.5359748500824347	0.962030636582083	0.7799395235492727	0	21	24
0.760675988047267	0.9750726932596765	0.7969264972140435	0	21	22
0.6960585523476656	0.11632128391213237	0.04967146376368603	0	21	22
0.6737567572612149	0.3658909159981256	0.8894156166667229	0	21	22
0.8815415725088623	0.01231447019349119	0.08747257488196891	0	21	22
0.44686820114545955	0.7104383560061265	0.5728922152373104	0	21	22
0.7722339845764613	0.9843290345427458	0.601494073112269	0	21	22
0.946732873743695	0.5162765565846834	0.5089300972363993	0	21	23
0.9231341359765991	0.9406697594607063	0.7747584638630708	0	21	-1
0.8030243927566757	0.6906353752740095	0.785793080584654	0	22	31
0.25191130702612585	0.6155835759869682	0.2337071489688779	0	22	23
0.7321511132121925	0.08057221204957232	0.12952759056753904	0	22	23
0.16075266827645873	0.8381006259816278	0.5889918703722462	0	22	25
0.9887973095698813	0.4797914743184105	0.807234127716555	0	22	24
0.0905793684494216	0.21012241132438392	0.9306301070215995	0	22	23
0.3894090602908681	0.3915483372870777	0.5645963131060496	0	22	23
0.04410060031803342	0.7060107729907455	0.38526741276492094	0	22	23
0.2778667505302771	0.5502542247761126	0.6682320117502497	0	22	26
0.72469049122872	0.7017605844718952	0.11163315094836135	0	22	23
0.44705946028515897	0.30395388224437714	0.6159826134317238	0	22	24
0.0021777274540757396	0.007524214667265938	0.05491762313603121	0	22	23
0.8061665275513481	0.9239582671963739	0.9990615647543057	0	22	23
0.95108955715902	0.6877115107174188	0.2708185508226446	0	23	26
0.034999919815196345	0.05068720231237456	0.6146871592422232	0	23	24
0.55425836911759	0.48974324115207424	0.6332777272402523	0	23	24
0.30362570273457556	0.8420199693642343	0.02934514731143867	0	23	24
0.48502708778595394	0.42769687008690005	0.24520172180651012	0	24	25
0.7428397999806975	0.7800629202526351	0.3255499944220336	0	24	25
0.5430177228333569	0.33593804091591684	0.14012957705932427	0	24	25
0.7241691215178209	0.8065904327704508	0.09369107383452235	0	24	26
0.4750827303293548	0.06814820664952848	0.15986893344147224	0	24	25
0.68041870666179	0.3703533872456012	0.12853620743598593	0	24	25
0.6228998698749253	0.15588559029573745	0.1391139300382871	0	24	25
0.33337669570366946	0.315011608913806	0.5436058144503869	0	24	25
0.9809229688388725	0.6054332791240242	0.45454368398978207	0	24	28
0.6892735064692787	0.5524377033844673	0.8301150606843875	0	24	29
0.0156768530598016	0.3870410478411228	0.962081617960785	0	24	29
0.9726871391419797	0.7601059278590505	0.17760751430970756	0	24	26
0.7074527226446251	0.5346622634723818	0.13700485620707337	0	25	26
0.49613102744819804	0.046464777312642314	0.2559019319921604	0	25	26
0.10945209457297045	0.17153548057733858	0.05801604348471845	0	25	26
0.06056489683269761	0.181054907926404	0.5252641412213184	0	25	26
0.42211408786995364	0.5629854137474812	0.9275011883570511	0	25	26
0.5775694592366067	0.7058333078936456	0.8312700213179048	0	25	26
0.928056856052959	0.49963995083163915	0.059475568692616165	0	25	26
0.7177535849161844	0.9900359155527021	0.5884402629007068	0	25	26
0.45152912665145983	0.16345568074363082	0.9637945073612145	0	25	26
0.6240968994529915	0.5301228426845104	0.9412889398641822	0	25	26
0.9560479965672543	0.22385830865130107	0.4581408703880261	0	25	26
0.1638222676857597	0.7732188342796134	0.8129020729435127	0	25	26
0.08825867394022413	0.6844467065762306	0.04775411631415705	0	25	26
0.8448783791117515	0.3133223030916782	0.06564411792820457	0	26	28
0.28808002703017643	0.0840749723959976	0.9637182569217546	0	26	28
0.24677358138414573	0.5318611932714855	0.05541965852717812	0	26	27
0.6024083831230372	0.29522394595136836	0.238693536341698	0	26	27
0.9159245263563843	0.7454779286853804	0.26068452258604646	0	26	27
0.6820268331587822	0.3071675276525697	0.6718549308164077	0	26	27
0.6433578851063424	0.887782488934127	0.9335453330948832	0	26	27
0.2971828024024449	0.3953215965077318	0.28766203054590644	0	26	27
0.816105262833709	0.06564073955874272	0.5704776736613087	0	26	27
0.36702898470452705	0.9002865723692047	0.18986643960814276	0	26	28
0.039504268984920876	0.13418903015774852	0.49258875133193947	0	27	28
0.2410378906596159	0.7562220918465927	0.9953669370939536	0	27	28
0.6676126722494854	0.14640758344970561	0.15094043635020638	0	27	28
0.5071552730896802	0.9370494184785544	0.42566430793493737	0	27	29
0.8983183432645364	0.16630996197922843	0.8306692338818059	0	27	28
0.04711483609063094	0.45081730852703383	0.7028001308079872	0	27	28
0.7200891314903936	0.18023767802500312	0.22862872862169092	0	27	28
0.7003136832624055	0.7164958769694096	0.6412389943347039	0	27	30
0.07310492884172604	0.11125692355126782	0.9180857073173898	0	27	28
0.8939359153774086	0.6176855636136607	0.25600246687181616	0	27	29
0.8086538817173603	0.5348890416586488	0.5528629535037459	0	27	28
0.5586778282099175	0.7089270626335544	0.4969987216884597	0	28	29
0.08788645936142347	0.7072314192544167	0.6467879572372486	0	28	29
0.016227812159323562	0.05693617134604534	0.4600972336519692	0	28	29
0.20690815302645904	0.22153054336557054	0.4141766176737106	0	28	29
0.6543419916025051	0.21253558769912384	0.4928208812620509	0	28	29
0.9760549596153032	0.9130435021207739	0.20264439309028348	0	28	29
0.8373460745092884	0.3461317877635266	0.11724807761669231	0	28	29
0.8101339571528944	0.8607193244913374	0.9402639111555171	0	28	29
0.7489464120843785	0.2658612664794625	0.10870034209989132	0	28	29
0.26949228553290516	0.21126315019238506	0.4744938854236799	0	28	29
0.8078128360228632	0.7751959715496796	0.918938594730351	0	28	29
0.16412844435880536	0.05156021009187306	0.018409580445221785	0	28	29
0.13081643242580387	0.8071152555694474	0.31226401333880716	0	28	29
0.6188937150262849	0.9518911177939595	0.5628987987680547	0	28	29
0.7556078074760529	0.9536073492043835	0.1682216585540941	0	29	30
0.8896225188466331	0.07227845536067645	0.10688222807547731	0	29	30
0.07135031202976161	0.8384536169372808	0.41133266641127586	0	29	31
0.6120800533245695	0.07143835067135873	0.39947870364147664	0	29	30
0.7764212157205079	0.9833762992536907	0.09964972129985172	0	29	30
0.8314991850598519	0.995758333779407	0.12100460085258391	0	29	30
0.7257402100961228	0.6332195592318344	0.04310122025643559	0	29	32
0.34560384298785507	0.7233980736231843	0.5285237554129114	0	29	30
0.8583022258955333	0.8733254234405409	0.6595831497797484	0	29	30
0.41789935447119353	0.41840869359232025	0.14733887869150653	0	29	30
0.2362503346580349	0.40740962607878384	0.054715799623433314	0	30	31
0.07893178097040399	0.799027627074155	0.7835339373673605	0	30	31
0.9407575437187816	0.26802737282102884	0.10385872204591962	0	30	33
0.9968600402325652	0.30899058863005124	0.04862227945373687	0	30	31
0.38649863614957725	0.0685396964373608	0.5640408833586975	0	30	31
0.9685601807528705	0.48477572511518296	0.9751542799121784	0	30	31
0.4746198139433372	0.8240728665539022	0.643742815810086	0	30	31
0.4036234697372484	0.42389468826668897	0.32250536133286845	0	30	33
0.30336293301784745	0.0034803213898413343	0.520739974526596	0	30	31
0.8782426893254157	0.07869778917436676	0.02762336083586736	0	30	31
0.5211912789607811	0.12340318509525094	0.47934473600771477	0	30	31
0.32872071111547707	0.30204748795460945	0.9374165474795423	0	31	32
0.9845992551577609	0.6514805630159917	0.021402153784389033	0	31	32
0.8953215262075227	0.09678651892482171	0.33960367505986777	0	31	32
0.6315736919565936	0.5190431752947743	0.060883411501230444	0	31	35
0.7469018579080532	0.0692419849571353	0.40655880276553924	0	31	32
0.33554874316935634	0.4905701683583066	0.3995472283599071	0	31	34
0.0796646101672479	0.9238895659366413	0.17473939762014612	0	31	32
0.22057863804882838	0.871273959398451	0.15999134456921216	0	31	32
0.3671826001350792	0.7408563367595984	0.6371524090086561	0	31	32
0.738362965286031	0.4080348463757628	0.2731713605350038	0	31	32
0.256775221461469	0.9148736328794989	0.4123708143833452	0	31	32
0.18016205909739635	0.778496090192408	0.8044456364364637	0	32	46
0.7773037382331275	0.180987053273293	0.11041968635726518	0	32	33
0.7480677505486414	0.47800833610164806	0.9750252172745151	0	32	33
0.023686841705913064	0.9948836404712222	0.36131877451659355	0	32	33
0.9066667596100362	0.5235380561301077	0.5639584978038676	0	32	34
0.7861847741675795	0.7808406707609785	0.6314145367272892	0	32	33
0.3918197636935403	0.37120916728473774	0.008631580225164193	0	32	33
0.7150998684385249	0.49832699880852194	0.2371051287524043	0	32	35
0.6692430009586475	0.29615003499368686	0.7502171395111709	0	32	33
0.498014892069481	0.7621328154425921	0.23603213583189453	0	32	33
0.002499985859004794	0.8550746427702213	0.5474625789418545	0	33	34
0.11944817632966132	0.3316454733165187	0.08784309986747041	0	33	35
0.4328018699249955	0.5437140700264066	0.5423600896687764	0	33	34
0.34390083921956793	0.5300314146050744	0.6616546664507083	0	33	36
0.42811529288656436	0.8620642184020041	0.636346012044617	0	33	37
0.9867219987120082	0.7956219757789336	0.4827961566373917	0	33	46
0.9143604564550679	0.6621119670356472	0.8988993353573218	0	33	34
0.14664943897433325	0.9561049654233049	0.43044153112814865	0	34	36
0.2809988220428846	0.6044731873812746	0.48908543048303754	0	34	36
0.27970870567900274	0.5799140556961551	0.600439649613896	0	34	37
0.06781572312379325	0.9492016390000013	0.39262974306103093	0	34	35
0.7589109328378042	0.9122228558694001	0.8014060423418555	0	34	35
0.9540607177652777	0.14447326132526483	0.8278585079521846	0	34	36
0.6880031081934544	0.5694791659408953	0.005073978370678245	0	35	36
0.6845771235635478	0.11871489664336898	0.8915540869446682	0	35	36
0.7824484946330807	0.7945103385563979	0.4223628578905727	0	35	38
0.056096732019230156	0.4872247808850372	0.3748417811582869	0	35	45
0.16856821125109434	0.27237468924615893	0.47276425214002193	0	35	36
0.8548800148304623	0.9588961114738803	0.8045065897563071	0	35	36
0.08398129690936262	0.4563870480635881	0.9179287548837023	0	35	37
0.41278674574021856	0.15266649546025313	0.3399485982085654	0	36	37
0.05284789107155963	0.8863047840187481	0.47163045086187194	0	36	37
0.43866513071271274	0.7966749168385994	0.26196318879250813	0	36	37
0.6849833754579897	0.9360973684718082	0.17610602403304398	0	36	37
0.9248855895759253	0.2752482947405309	0.8971948296840432	0	36	37
0.47694643684260574	0.02503791072658057	0.02475065555011624	0	36	37
0.13622596016657296	0.9927796121373602	0.4573831733854634	0	37	38
0.4008748920869616	0.1705168634878289	0.8961455295883942	0	37	41
0.02905524992554276	0.6477951988382341	0.971825445541214	0	37	46
0.9741698581843878	0.8548033051601407	0.882772105066365	0	37	38
0.6189821420180956	0.8300081048826612	0.42679050042093747	0	37	55
0.46476981500875114	0.270444682430688	0.5793402023475969	0	37	38
0.15004375126754887	0.0951238148109298	0.5862753196770841	0	37	38
0.6675478258974734	0.14704893308644273	0.9515553904067755	0	37	38
0.5549869287371104	0.2175082423271334	0.930575588618668	0	37	38
0.18560256812278553	0.7363162199973596	0.28730810117225514	0	37	40
0.5197836169681016	0.004261423427024402	0.3448939609219194	0	38	39
0.59600258901238	0.7125106573359289	0.39866221939037194	0	38	44
0.38532348990851517	0.35044592052739687	0.937898185653325	0	38	39
0.4952822139722374	0.006311052090624103	0.8921806027010976	0	38	39
0.7818699650795976	0.7350898616163808	0.37024224638451375	0	38	41
0.3021599870358034	0.0863677337721761	0.9377260909199405	0	38	39
0.4085211674168926	0.1718459857190534	0.3764857598805714	0	38	39
0.6488169266684193	0.3679365239373019	0.08760190515140276	0	38	39
0.8815407181602697	0.07156980028103233	0.7657198493778417	0	38	39
0.7878919125233067	0.33626530569282587	0.4650581594291915	0	38	40
0.4272077268013288	0.5556776064438904	0.900128030430373	0	38	40
0.3916337083892141	0.24807000485281072	0.6074481964759809	0	38	42
0.7037012136680182	0.7097098000278551	0.42021308984913197	0	38	52
0.9777426111820336	0.9469502666170085	0.2804602565958403	0	38	41
0.030686397524426035	0.2479986897712596	0.7680572371331206	0	39	40
0.19515934419290393	0.9801866601568436	0.2952165164209871	0	39	42
0.35236588442384786	0.10626829529000537	0.11031504009307214	0	39	40
0.16448552903309932	0.9510005752492541	0.9382970957452489	0	39	-1
0.23911660688605585	0.19911550698707525	0.5027720611237249	0	40	41
0.9841461653869702	0.5135274421995203	0.8607929852439264	0	40	41
0.3052801187302209	0.45246906211158666	0.4943017557937339	0	40	41
0.7171912983751395	0.8638461900618206	0.8030265108492171	0	40	46
0.4551405458171538	0.14526928827607777	0.028986660490808558	0	40	41
0.26548966866806345	0.664306816570053	0.5416880895790229	0	40	51
0.1291444812638114	0.9439645646914155	0.7952620133045845	0	40	41
0.6196790551546677	0.038313454064821006	0.26962372020475156	0	40	41
0.2397054940810417	0.8522056041111632	0.8949281267956715	0	40	51
0.8943718715925124	0.4927604157035659	0.4684274112942558	0	40	41
0.6286587485263928	0.5183799385370376	0.903928894243271	0	41	42
0.1467754375312461	0.1385881269008017	0.591619064164615	0	41	43
0.22667034208539794	0.2675027906643481	0.38549151270010407	0	41	44
0.9899475357870589	0.3944640903874883	0.9996408821969777	0	41	42
0.23067537985739728	0.09146429237212717	0.19679649188527815	0	41	42
0.5837704152042174	0.8622449297399375	0.2530231008670609	0	41	42
0.4452957626254803	0.8216225639165571	0.7895741517850328	0	41	42
0.5670564416739725	0.20186441820884404	0.2880435665711758	0	41	42
0.31711867630393387	0.3853029316540444	0.8713036880701909	0	41	43
0.8341361169424297	0.9147389470125732	0.7620303021366779	0	41	43
0.007182570481855111	0.5555752889868302	0.18212626976326118	0	41	42
0.45484433966519133	0.49539343904184097	0.6561426575648462	0	41	43
0.39536827628655724	0.9806340579822914	0.5790288151973747	0	41	43
0.07359715739757611	0.40376923813962995	0.0177387570417048	0	41	42
0.681083310260105	0.9376334180733518	0.3525890166671293	0	42	43
0.8247662010908269	0.6851957989011564	0.09715285181261235	0	42	43
0.48385349543199463	0.9767875202475637	0.6684792152800196	0	42	43
0.8447375595108055	0.48493495775447637	0.8552274021120362	0	42	43
0.605310916149287	0.25896541909091797	0.24960732939478725	0	42	47
0.1252861314416257	0.9070351685498317	0.2462919729795856	0	42	44
0.6783109668615842	0.36234056142758164	0.021100239872148818	0	42	44
0.5047581294695139	0.34390719864740604	0.5976186595806179	0	43	45
0.18541510295668162	0.057490798660821074	0.07016894765853554	0	43	44
0.32778378217276516	0.014719992397045023	0.3289965045378318	0	43	44
0.6780558116497326	0.3084452212693337	0.7632394714194805	0	43	44
0.9873869352501031	0.45984560687699383	0.660734129627533	0	43	44
0.5196169915687859	0.8112734679552477	0.802614347803961	0	43	44
0.5364048816348802	0.14855118380949472	0.7339653468307605	0	43	46
0.718379831084532	0.23598530859055966	0.5181096963891408	0	43	44
0.4691951011260975	0.997505088325412	0.46435392617274696	0	43	44
0.49475261285117766	0.4945692729576784	0.3783641997598639	0	43	44
0.24387766445556214	0.3135714249197983	0.20509637824030458	0	43	44
0.4152539184391194	0.7536637224436316	0.7805726207850034	0	43	65
0.06270121324082056	0.5701803479615416	0.48053576131298836	0	44	46
0.31935406127572885	0.8517573899097016	0.5930894707519461	0	44	45
0.1462630330678013	0.4856141068443145	0.37078274135307154	0	44	45
0.8826812369277683	0.46342744811659464	0.5455413390345869	0	44	45
0.589894911854664	0.24778760530476363	0.011807570656446553	0	44	46
0.9097703594763688	0.2694432740298953	0.830665133787506	0	44	45
0.871959161686567	0.5450272870755042	0.11332322257177685	0	44	50
0.11473417410277642	0.7217204179748021	0.3117821176758939	0	45	46
0.6154419598471135	0.9546669126103998	0.3519653856822885	0	45	48
0.0539870094079028	0.238716803064687	0.9548623288470797	0	45	46
0.8417213096418911	0.5685304832835546	0.20706172038833037	0	45	48
0.00857897451298717	0.3148715262226359	0.14938344031021844	0	45	46
0.3770312326558326	0.9517713780455868	0.6120607029480767	0	45	46
0.6667764489643164	0.3626843365365511	0.5251943217233759	0	45	46
0.7824264047266508	0.8212528487544988	0.9969744039123722	0	45	46
0.5400762437627977	0.602577376901426	0.970049516592704	0	46	47
0.526782009480316	0.4952421456895657	0.11261639027825099	0	46	51
0.8354314769203768	0.038822191023138	0.7404015871179271	0	46	47
0.8255153718098425	0.08133646230933944	0.1351984555594259	0	46	48
0.864950124335554	0.4987636811780183	0.3584200326119573	0	46	47
0.5987071070300578	0.6638288356452322	0.9871625515484796	0	47	53
0.6170106177277103	0.9974605055956667	0.7034304996336377	0	47	48
0.9509283907214338	0.32718370951766473	0.9555467772460451	0	47	48
0.15371025688067408	0.3416679776971858	0.19071288436723866	0	47	48
0.4394585177574637	0.491434125173834	0.7796098050109168	0	47	48
0.8375209157486412	0.10911719521573549	0.956002342593166	0	47	48
0.2536343703798839	0.6542102976776756	0.342603279117787	0	47	49
0.20579078833991304	0.30892683091058026	0.79857399695875	0	47	48
0.8102345755480556	0.005521755761557001	0.9512503700041081	0	47	48
0.7811782852382708	0.26354854485904455	0.18540202651953297	0	47	48
0.8516081826003878	0.16154529374562698	0.8061300244719671	0	47	48
0.32223777974160195	0.4259664273918673	0.7880144834541533	0	48	49
0.933149141277214	0.3544041748008038	0.4465760005439324	0	48	49
0.6603878334023774	0.7523396418370587	0.6533066139380869	0	48	50
0.6372791602421353	0.8486777325684566	0.46088858171161495	0	48	50
0.6888368189051681	0.16654526883539333	0.47809804292075064	0	48	49
0.49149438441285	0.8932314538751768	0.10628878787818674	0	48	49
0.5978360231102483	0.44048495074129224	0.1799905053004004	0	48	49
0.5423725361653802	0.9066257558854031	0.7351336918233701	0	48	77
0.3212349316517422	0.5488930345849805	0.4302619802062496	0	48	49
0.3740226160437192	0.8262747925504299	0.01783898568704545	0	48	49
0.7843312897267424	0.8617697180323693	0.09119019683302554	0	48	49
0.6214285528102009	0.0493892567704034	0.9142737379381953	0	48	49
0.8646158202851644	0.23515882771635477	0.9363529460245282	0	49	50
0.6142858684074254	0.39906928509934814	0.8198405690406734	0	49	50
0.7871242429977185	0.9403826143029713	0.25611244478952544	0	49	50
0.27404185555680627	0.3120163626200593	0.5429835851516863	0	49	50
0.36117192414666754	0.15110120617747258	0.28468773462535557	0	49	50
0.5261241137242345	0.8369750489447775	0.6483175103160704	0	49	52
0.3982206477361957	0.08410892009610993	0.8759432290410243	0	49	50
0.522223597481498	0.5118452312030877	0.5421935966602335	0	49	50
0.042522629195439476	0.7116693694451872	0.25964238065307466	0	49	50
0.32382113424782066	0.9917406470846206	0.5101381971882883	0	50	52
0.9323376429172768	0.6687383063015063	0.7757291184185272	0	50	52
0.6011936162164819	0.47032814340095785	0.5392865464477514	0	50	51
0.027297044015762273	0.346798608195681	0.2868494601389071	0	50	51
0.4894671280913673	0.869202900441748	0.6453518045456642	0	50	51
0.29769521014204803	0.19216727351921126	0.04852466443983228	0	50	51
0.09398024030393781	0.9369964373220196	0.26922342516439646	0	50	51
0.7010947149740395	0.5814306529800378	0.9412943352657219	0	50	51
0.7481239537872693	0.40113688900278377	0.19419451547356859	0	50	53
0.9495713090984776	0.35162471869224887	0.21610188547665898	0	50	51
0.4495406623852042	0.99009783552563	0.8734903646428838	0	50	-1
0.07587793216437255	0.04716210313988933	0.9710307899217984	0	50	51
0.5052479528420408	0.5017892603324259	0.761136453811553	0	50	51
0.8633019570900305	0.3975040007190179	0.8207882033901271	0	51	52
0.47371497484142977	0.8922029815747604	0.6797159655519626	0	51	53
0.5371313206529712	0.11150618114895228	0.42460041931579384	0	51	52
0.9693009416902277	0.7007504785134925	0.41428931871602137	0	51	52
0.522058606334303	0.5778406883634193	0.24023328972367808	0	51	53
0.952267489152481	0.10823346258908417	0.18461199660205463	0	51	52
0.5097628301230582	0.09495852564358853	0.6098920446682471	0	51	53
0.8713290578796102	0.14287715780634713	0.9063621373794524	0	51	52
0.3753590959748758	0.3470215388590885	0.7970525429716621	0	51	52
0.05582384906882287	0.2211948961395931	0.8407149754579508	0	51	52
0.3430805276730492	0.0430333652564312	0.4365724617503268	0	51	52
0.2874240142273331	0.6824804866364433	0.8786834573925049	0	51	52
0.20097907205880094	0.44231998229973246	0.4371848004201693	0	51	52
0.911421361052522	0.9171657570553643	0.5700329239346	0	51	52
0.2049690269053116	0.5845042032002565	0.2906375862031231	0	51	53
0.18972631931367945	0.3811149738743632	0.9158390199252496	0	51	53
0.926592228050429	0.900489067893351	0.538263048256509	0	51	53
0.011343416738672674	0.7597055965027234	0.5835310175375771	0	52	53
0.3490816450857481	0.9562964932390462	0.6790902396152234	0	52	53
0.6554065008720203	0.49121452577872016	0.2641379918554022	0	52	53
0.033521783422839846	0.43006700090183536	0.25416279035558786	0	52	56
0.31398524360031654	0.2844090137562373	0.5314414980584937	0	52	53
0.7166424733013165	0.01756496033658017	0.8322869369205501	0	52	53
0.47421921988688875	0.345428197048273	0.5429185880946666	0	53	54
0.11134344710530808	0.03386705823152569	0.4972201017369261	0	53	54
0.2862336764419805	0.15461614821437764	0.9494790525393222	0	53	54
0.5001003119320981	0.40327510188555205	0.07498856495227968	0	53	54
0.5714997445083515	0.9956171686794758	0.4844021525682122	0	53	54
0.6647169884367187	0.8797662081397842	0.29891335376048056	0	53	54
0.9284512474155252	0.7513588863342741	0.0586444516039879	0	53	56
0.597033300192916	0.043382666807667225	0.1482288867623892	0	53	54
0.8572071564754861	0.4595852812456448	0.582852058384643	0	54	55
0.920916956617437	0.9343213265753338	0.5680164077962215	0	54	55
0.7805292974715713	0.8999807249190777	0.4693143135292114	0	54	55
0.7071485616707374	0.09683048856256493	0.10330534337483133	0	54	55
0.7041452580725518	0.8623382746931678	0.7275458667774641	0	54	55
0.5739452140814754	0.9306573462031863	0.3089242046266195	0	54	56
0.011434510802305842	0.13704316636907066	0.4614104712540673	0	54	55
0.6868404393996835	0.005646593195854366	0.6132624547431171	0	54	55
0.7133330593186697	0.14960736530902585	0.6386444815489124	0	54	58
0.5822780974427141	0.40069901875321856	0.8337146903490601	0	54	55
0.27270744656874746	0.10874419840947924	0.9132499161443113	0	54	55
0.9310933913813688	0.9883705586145283	0.556506152651638	0	54	55
0.6208880440449307	0.3433486070776133	0.978839388727076	0	54	55
0.04066685177592799	0.16158014536197463	0.34603930429312757	0	54	55
0.7095528170262552	0.6309903478928298	0.4181100038242568	0	54	55
0.4228752523464935	0.4377521677135492	0.15215820421229886	0	55	56
0.5248572904295878	0.756231455840875	0.698688681438454	0	55	56
0.8796926831521327	0.26261857771899355	0.823450278444285	0	55	56
0.4311041534061065	0.22777959934387704	0.4985744130162306	0	55	56
0.6378150426943082	0.5137041629370821	0.15081218652670714	0	55	56
0.7767743991232731	0.8939671833437205	0.5202133782567759	0	55	56
0.9158927169599983	0.1167064157261154	0.7172724624493847	0	55	56
0.8121982393590421	0.4119892182798579	0.9931265037044624	0	55	56
0.08726370491292879	0.920136452433375	0.8308592075740481	0	55	57
0.395054861919229	0.08772481515736597	0.5606616726756702	0	55	56
0.7686556095139264	0.577739907133546	0.460214060813642	0	55	56
0.983962026276921	0.1977166459335179	0.7342306756177223	0	56	57
0.3722443450937939	0.08895739275744985	0.6119359183105647	0	56	57
0.44461904188112267	0.22382908642807553	0.9333923208182524	0	56	57
0.28137416235745494	0.43276588835042684	0.9317655258606062	0	56	59
0.5825574165769555	0.47655984504393567	0.13714919525849956	0	56	57
0.500555481005633	0.8782630268246017	0.052826676784729854	0	56	57
0.34637167636563115	0.5098529474933847	0.039905840291846184	0	56	57
0.0226384470743638	0.2258669662028988	0.9388056930080108	0	56	57
0.6777913773314694	0.1574080077659734	0.8756581934101298	0	56	57
0.11073378381521692	0.48650021068316174	0.890316531018809	0	56	59
0.29065820854477953	0.3723971503719774	0.5276658554750481	0	56	58
0.7329974578956405	0.345463642289796	0.31234125332330254	0	57	58
0.26151581226407716	0.23596894207073893	0.8844984379364763	0	57	58
0.1732223982894504	0.6042553312898081	0.9511882798311148	0	57	58
0.38934500785006365	0.5052418717828207	0.9136433155131065	0	57	58
0.6791466735838064	0.011820421319009289	0.006932685121629034	0	57	58
0.5627137508663039	0.5325956539624961	0.49874089317876014	0	58	59
0.8809094457935428	0.5622608817637147	0.3258594882057637	0	58	59
0.8439653277876065	0.389520651252814	0.012035641929248997	0	58	59
0.1551537151003165	0.369249547630618	0.737651288843623	0	58	59
0.8782301196445438	0.717445889630821	0.24228538847148373	0	58	60
0.2175429450483054	0.39519965640101373	0.65170506533325	0	58	59
0.18385071660623875	0.6894109902753789	0.648487516632038	0	58	59
0.9465770196573781	0.5192792942510289	0.5885271243216116	0	58	59
0.42932075195746844	0.7511644108680546	0.3854537480716017	0	58	59
0.25459133766889375	0.50516188215411	0.05875448310244713	0	59	60
0.8326531155158425	0.7186539404912238	0.8884479855443697	0	59	60
0.39117084919548584	0.5158215422796989	0.7324603105273995	0	59	60
0.9814941264829778	0.5726842641679442	0.8483281536269706	0	59	62
0.37791675209108666	0.4885471212434145	0.7479271535115677	0	59	60
0.4918208080429519	0.3008810392651132	0.3793495273801244	0	59	60
0.06205409388830274	0.9758259845614559	0.8119957047650722	0	59	60
0.1443752475605885	0.533778822864368	0.38547660387896876	0	59	60
0.1944372338859931	0.9259376246074875	0.5779631921343839	0	59	60
0.5152706618049774	0.6838862660735993	0.49903843406314596	0	59	62
0.8705567828313285	0.4835660320259121	0.03907353587591145	0	59	61
0.7542196291966617	0.6450064042608991	0.46228248396187	0	59	62
0.13206109007359013	0.46404225021517986	0.7382663195582551	0	59	60
0.9980746673823584	0.39072991980222915	0.8866418101750867	0	60	64
0.8536243290436353	0.37532317282074734	0.4883517686631932	0	60	61
0.7031181459478134	0.9978678410627173	0.4613611858970841	0	60	61
0.4478174479461602	0.09228093001061122	0.31004274690225886	0	60	61
0.3599687990874376	0.3586302675304752	0.2836809472796732	0	60	61
0.5871135972640003	0.9588280570843162	0.9241170987641576	0	60	61
0.8597822539884685	0.16449540320427458	0.478842796871363	0	61	63
0.8275812737048069	0.04289942211439224	0.48926978443096936	0	61	63
0.9736641419298884	0.4439480748986311	0.816647065842121	0	61	62
0.7831538389621954	0.07022942162749024	0.05118437945803922	0	61	62
0.5881793165295939	0.7009401995793038	0.4689554868053757	0	61	67
0.5319404215695005	0.15290720645083133	0.32680930394805563	0	61	62
0.6643324106466603	0.5683957330027916	0.3473213042604282	0	61	62
0.9714619006534086	0.10105301754039853	0.4513575401047507	0	61	62
0.34704134864160785	0.6997915734349086	0.23297664901708715	0	61	62
0.5378921099078561	0.5904732952167696	0.4727723661108286	0	61	62
0.3467777092502914	0.23084217172076393	0.86856171291697	0	61	62
0.4457492935586358	0.5003626747304903	0.8777423132031773	0	61	62
0.6541676676598838	0.932448233538377	0.6415839882450046	0	61	62
0.8070166184911299	0.8624529883310369	0.37003779707687645	0	61	62
0.678013780482505	0.4318853444340045	0.3718687259593998	0	62	63
0.16870199525018625	0.7297949971803938	0.8275697345668972	0	62	-1
0.1199931136071829	0.920935940963512	0.12208047330177108	0	62	63
0.883816928582112	0.4681677804765797	0.5202812818891436	0	62	64
0.9242724176099124	0.7036166536454572	0.9390686605202448	0	62	78
0.29820523374022856	0.28450736501459317	0.19005379371700115	0	62	63
0.9696922038684015	0.9129548388996945	0.06866788336811636	0	62	63
0.13057798975453228	0.7251977333146149	0.4173337175436578	0	62	71
0.6091654790785548	0.5504581176304992	0.10127895992163038	0	62	64
0.375561011849736	0.5821682559416435	0.18839791562988062	0	62	63
0.7982733521355956	0.09745653853612846	0.7187870032986307	0	62	63
0.19708375650701482	0.970427626438667	0.979897316121163	0	62	63
0.06310292799468276	0.20509418690817993	0.13139461148596743	0	62	63
0.32665025900036193	0.29753343961401046	0.7272637734297819	0	62	64
0.864120031303137	0.16285304712886317	0.38068953657458693	0	63	64
0.9952721818715093	0.4952129552353498	0.6090421585122441	0	63	66
0.6269846348881185	0.14174870375606463	0.3578744869377952	0	63	67
0.3799657977084585	0.6287059760112406	0.48428091699100995	0	63	65
0.9401177339710993	0.39790625013695735	0.008769049132837048	0	63	64
0.3163607256540245	0.3691606076214221	0.7867348141507893	0	63	64
0.4013602314609448	0.5503917733287663	0.9138662425125456	0	63	64
0.9742067204714484	0.4297797337585767	0.8935669948458798	0	63	65
0.5833170392734783	0.921341466569368	0.8239779206776497	0	63	-1
0.6826707384076052	0.5221360624636794	0.6173851629640629	0	63	64
0.23919080966841877	0.3860671799808939	0.4395621139603171	0	63	65
0.9948752148575415	0.0010629014006979798	0.570269443980207	0	63	64
0.2303787348854347	0.894750545212819	0.1849577953893573	0	64	65
0.44826840846779015	0.5321212110630278	0.514095859814497	0	64	65
0.6668054186873137	0.6763182546990518	0.5520652005279357	0	64	65
0.09901534665131562	0.2685846972649202	0.3874310236249857	0	64	69
0.9296472693898112	0.3559482680761238	0.3776896295511727	0	64	65
0.639157252333573	0.30540603445135706	0.4153339489848177	0	64	65
0.15725078058016995	0.7314398872125311	0.18599764414334885	0	64	65
0.827332035578699	0.3957025339875918	0.7003374163328691	0	64	65
0.178227443330087	0.8001801900321507	0.7749565388941382	0	64	65
0.5501263767343605	0.3410590398043901	0.8567142712791088	0	64	65
0.029901034322182385	0.5371880093929621	0.11537692110763687	0	64	65
0.0865671797055042	0.04282727086586591	0.6030124441428276	0	64	65
0.49547584773255127	0.0009442659649486762	0.3629954781906143	0	65	66
0.7285936160435877	0.5728208409961193	0.33099444203307404	0	65	66
0.6741802613462295	0.255065106526727	0.5136099426713238	0	65	66
0.7345946270589331	0.7467189870580728	0.5501349366405502	0	65	66
0.9209111923860566	0.4648748301244019	0.5650173266130861	0	65	66
0.39586735109771043	0.43736736724532344	0.2364996924699243	0	65	66
0.9428308364176308	0.1750440191609084	0.6777415787358257	0	65	66
0.6354662738535829	0.24129078023795958	0.22382820117969227	0	66	68
0.9557533072856619	0.4822004029859439	0.591995485315887	0	66	67
0.17649547697856383	0.26230804879775904	0.84978688265314	0	66	67
0.6253487465985347	0.5448933356593143	0.9600105250417266	0	66	67
0.6025523587430982	0.9903692989753348	0.6293834772145948	0	66	67
0.48978509878771825	0.2209839735261867	0.21863107449634067	0	66	67
0.11856078551796478	0.947088549988506	0.17397134582576146	0	66	67
0.7003698933533872	0.7459765639407282	0.04407425176446278	0	66	74
0.20690104377670326	0.8752671628328759	0.7993263969520837	0	66	68
0.01577873912119132	0.7841516848957243	0.8773960186476271	0	66	67
0.69739437066733	0.09746416515111345	0.03224885611763739	0	67	68
0.2235898382257978	0.8247529507259617	0.09372148562118676	0	67	68
0.010735108854649122	0.3385826903626358	0.2862532622467181	0	67	68
0.7633630459370176	0.4155436375163738	0.521019810598971	0	67	68
0.6843090210690662	0.1785099100625558	0.8845495600472474	0	67	68
0.9966333689389423	0.46403954886070176	0.9096926340690127	0	67	68
0.2724813628154772	0.6843975108468304	0.2136267896787214	0	67	68
0.9218926477438373	0.9820643242241824	0.4484773528475985	0	67	68
0.5996047586887138	0.5445536248812576	0.7036557043562685	0	68	69
0.8617096827367691	0.2504154459904251	0.6175802599847403	0	68	69
0.6760225160551508	0.23076811006043396	0.1375078198324844	0	68	70
0.7090625705738131	0.4466664416945362	0.03149054275801688	0	68	69
0.029530262086211456	0.13816158139988688	0.1849198466257379	0	68	69
0.14578512666449295	0.28590237657777706	0.43420025235614945	0	68	69
0.7360496781308717	0.5649563647998301	0.8020736976115068	0	68	69
0.2979053396478275	0.5182224812257986	0.833686594166022	0	68	69
0.856046368554097	0.4230433662940899	0.2992955610752732	0	68	70
0.5582345365448187	0.21135354694052488	0.6483301750761666	0	68	69
0.7482791892411464	0.9960080719199342	0.6111665078048867	0	68	82
0.3991343267212596	0.4972803678713761	0.06682629434485687	0	69	70
0.8271397610219349	0.5041478452208616	0.6838334963438205	0	69	70
0.8822768056384652	0.8314198871529516	0.9026178908096806	0	69	70
0.7262865196966355	0.16833086390015228	0.02888220522947016	0	69	70
0.5955426187213737	0.9358016342561146	0.875656772436684	0	69	75
0.5691510025809071	0.2562667833232313	0.4273705619449064	0	69	70
0.24950848826945438	0.8924913303912512	0.1561399219695625	0	69	70
0.4324409589656243	0.5575242919408541	0.16963487114654352	0	69	70
0.4440944618268662	0.5782152871280624	0.9634243349331728	0	69	70
0.0627932675741133	0.2758231343656724	0.37232636751891357	0	70	73
0.9543237767135501	0.5943040520679489	0.528676943578047	0	70	71
0.1928352691403583	0.12563601364751487	0.39116309480711053	0	70	71
0.1260277057426159	0.8247644815310476	0.8106428527965202	0	70	81
0.6423730639233496	0.22381748651069966	0.202810329886859	0	70	71
0.5226734699283409	0.8994111242079497	0.5301530374498276	0	70	72
0.7687584702999337	0.5233263539009627	0.469272154708817	0	70	71
0.8992365351099999	0.20969997037429955	0.2935464136182827	0	70	72
0.8023324119056491	0.9139156928955452	0.7452117761976429	0	70	-1
0.9346350362763012	0.11528781502896812	0.6563907339106103	0	70	71
0.24111704782778554	0.7999321336898724	0.20949722244180258	0	70	71
0.32000002193628785	0.005906470024949484	0.08008204660946971	0	70	71
0.1926745625415187	0.6145434943724474	0.477848259652789	0	70	71
0.5006915234015302	0.4364751990393362	0.6426026688526704	0	70	71
0.08272947240313921	0.8801905590929298	0.009957732827866161	0	71	72
0.22367300794745237	0.42416763546552916	0.8688311327286765	0	71	72
0.5511144409281525	0.7145007603204762	0.36063921172047686	0	71	72
0.9442632130499975	0.42420105057681856	0.2705582136411444	0	71	74
0.06705715729889983	0.7509992261185564	0.949940062285086	0	71	72
0.6568118820448797	0.4095471745489526	0.9210154175624097	0	71	73
0.7114915931295505	0.26770686428029855	0.5456580353372976	0	71	72
0.5121524970115378	0.26807223608572417	0.07739671344443122	0	71	72
0.667305924121841	0.18626220304891472	0.7231530931996597	0	71	72
0.059030822210600964	0.5232257138650376	0.5466829221612913	0	72	80
0.9854378905379491	0.2819019032511735	0.3144534752273599	0	72	75
0.29849890364879084	0.3319944840848834	0.297176715130947	0	72	73
0.10886572037809705	0.5642768918914166	0.10589196144868096	0	72	73
0.8942577414720169	0.14531284614145135	0.40557468391305074	0	72	73
0.047548734880464405	0.9098270253305022	0.4256622546904085	0	72	73
0.2964707945474534	0.051578053940244395	0.8574564320205466	0	72	73
0.23372655854560764	0.3542836185356304	0.12668457607952577	0	72	73
0.32406669012292577	0.03292309267581561	0.42206979781277565	0	72	73
0.7373107695206935	0.5993942928536856	0.4916773402145247	0	72	73
0.07182419778193361	0.7226512277641587	0.32245972408393586	0	73	74
0.31236341462904893	0.19158206099053732	0.5375254262993747	0	73	74
0.7054837977920609	0.45775411876243255	0.35580794996184895	0	73	74
0.6046139017313232	0.996890671734408	0.31256849524459906	0	73	74
0.45900550228867787	0.5070883796940532	0.5082663973211039	0	73	75
0.7040377305775926	0.22585975735500674	0.8833528198915049	0	73	75
0.4772260903719092	0.9479332214913045	0.8223623187061863	0	73	-1
0.34116097601850737	0.19912235668119116	0.4143884036356068	0	73	74
0.5591857097562322	0.9621417789420111	0.9971187432197954	0	73	78
0.677488027659814	0.13443214066587295	0.694484791691047	0	74	75
0.7755512712528956	0.8936945379752766	0.8678862818624228	0	74	75
0.4508292547814724	0.14170280931194368	0.5290672402877933	0	74	75
0.05262808496567417	0.8404537967740134	0.1925743252267268	0	74	75
0.1134262856995647	0.572813728429493	0.7030537608434392	0	74	79
0.4605346291594128	0.29217353833454074	0.0996840184710418	0	74	76
0.03787494460403584	0.7765343135945484	0.6831155978827942	0	74	75
0.786467153828699	0.17731221627019667	0.8919383675676852	0	74	75
0.4528051505348024	0.7967310165014501	0.8403209786500608	0	74	75
0.6902026274732177	0.4431689916353234	0.6873063794997	0	74	75
0.271096250909594	0.5064952668003349	0.93345074910357	0	74	75
0.6289704507686493	0.24848343304163678	0.40704234106794046	0	74	76
0.5306437838942526	0.796792986925726	0.43600858804382625	0	74	75
0.5724608401854892	0.05194200806099003	0.510142151431839	0	75	76
0.4564175202591114	0.3889178714146605	0.21470717001157402	0	75	77
0.3737948629589021	0.9216339441057199	0.8033901099944789	0	75	76
0.20521483749021396	0.16531343366843432	0.13903172556539456	0	75	76
0.4863024323277614	0.9602447442683362	0.17469217765438572	0	75	78
0.22603959142038244	0.05512790937136114	0.5576019077001171	0	75	76
0.6435477070710218	0.8943485202226907	0.49052700745633626	0	75	76
0.20108950669262116	0.553824904115002	0.09855761483419667	0	75	76
0.03129151788896811	0.8481767457083734	0.9440183797803277	0	75	76
0.8722911439907276	0.4240285112070721	0.9596728739106135	0	76	77
0.7815841339344406	0.3043677019374361	0.16311103271502048	0	76	77
0.6532234594869896	0.6076958590284763	0.8082292749562362	0	76	83
0.6584028489463628	0.533428394926669	0.5766622614796869	0	76	77
0.07787587738018453	0.25442999509312647	0.29894617835173853	0	76	78
0.35255454215689574	0.824258624960956	0.45410574748327603	0	76	77
0.7340403348328238	0.6569942271057074	0.8315596347586612	0	76	77
0.9220875382657593	0.6685565335711913	0.3235071766370402	0	77	80
0.31419255916941524	0.5192516714981726	0.5438841718195953	0	77	78
0.7366323708179191	0.08421366489017457	0.7624319008071127	0	77	78
0.556941885023624	0.07645515465395947	0.43324348243487565	0	77	78
0.7556976121746106	0.6786536394419588	0.29073336317372667	0	77	78
0.2358400424168816	0.6359024510365123	0.6367927997265759	0	78	79
0.7377400639504152	0.3219203336398412	0.5932503442530819	0	78	80
0.18935375880018535	0.14481638830761256	0.3059478775610678	0	78	80
0.3723124214537069	0.1209849289057724	0.829688439737092	0	78	79
0.8369587326484614	0.8591755469816025	0.6784123562992955	0	78	79
0.3922072609941104	0.7223763955000188	0.8192726190283088	0	78	79
0.5016379555836805	0.757498843682219	0.26155682753288234	0	78	99
0.936416182300325	0.21012598260001958	0.1270063650477976	0	78	80
0.42839272947444795	0.7952104661399448	0.9710533719014954	0	78	79
0.5995875489734732	0.5238597739132679	0.9584207384113453	0	78	81
0.3333056652063795	0.31790683189133906	0.9724215067844306	0	78	79
0.8696202572755258	0.5224264741524137	0.2632866802943936	0	79	82
0.15016624517050048	0.010855754142056306	0.28323726251588055	0	79	80
0.9955240575546964	0.09914302369477024	0.7702475134139786	0	79	81
0.5579849512496818	0.3048177749555384	0.9526572749752488	0	79	81
0.9975533926510317	0.32653243246418684	0.448194088626376	0	79	80
0.6463686226501105	0.1758225447128261	0.7480122316587899	0	79	80
0.8854641873222336	0.920797322144358	0.24272549089012307	0	79	80
0.45470649781297023	0.4376880646946738	0.37008498961328484	0	79	80
0.5074577806968333	0.3842358921671414	0.7207170548090418	0	79	80
0.5664313698487357	0.6631467706886429	0.9660583373905572	0	79	80
0.08618570096404399	0.9712548840184532	0.257147162277102	0	79	87
0.13277706677457712	0.5192292681538596	0.7769863379498284	0	80	81
0.6973733356827652	0.2856703673009563	0.8721156925813431	0	80	81
0.24287859572854198	0.107789172381204	0.43957720199093364	0	80	81
0.7676180320464141	0.0760149589521989	0.37093102957948165	0	80	81
0.8282713723913077	0.07656574838139962	0.6472084514634496	0	80	81
0.5724919477740008	0.34070439569063216	0.24388127513070568	0	80	81
0.16053324952023973	0.561288260094689	0.40615116036164345	0	80	81
0.8077361329873524	0.8114482085466325	0.20857215982565402	0	80	81
0.75094738019936	0.31866196411029046	0.7631629044046393	0	80	85
0.16021199371669637	0.2408924714669276	0.8664141019744394	0	80	81
0.6822393382117903	0.840106999197021	0.6534995523731123	0	80	81
0.3006492465692787	0.9971603539502102	0.8137488627902739	0	80	81
0.038402607458387195	0.268900283991122	0.705359093512775	0	80	81
0.2875439883111588	0.9946326079131815	0.7779904244664476	0	81	85
0.4762417728092351	0.6264847781513377	0.3127466447536946	0	81	82
0.3940555829775353	0.36519272587593554	0.23548918930629958	0	81	84
0.753094698560981	0.45741184806919055	0.3162205524412748	0	81	90
0.8179683160060248	0.4637729095542036	0.25571878301436024	0	81	82
0.8074465562436606	0.8082103642013169	0.5325140792603594	0	81	84
0.8280787492899252	0.10479679213925197	0.020389147750402792	0	81	82
0.9207488867994139	0.657285767500716	0.13109618881866514	0	81	82
0.3855895992518248	0.9665006495712968	0.523342929043855	0	82	88
0.7001294829122502	0.578346414564403	0.6547502974126717	0	82	83
0.14700630429226313	0.212753450068075	0.4439721508035086	0	82	83
0.25019129799625117	0.6529573599205769	0.3378794199673366	0	82	95
0.7962406900964425	0.9989453948563521	0.5313340278787819	0	82	83
0.8074413540862095	0.8424180101186868	0.36737006341436806	0	82	83
0.888714313011737	0.7129790001057665	0.3298832100644916	0	82	83
0.08870608340484254	0.1990255811106969	0.3837356857164742	0	82	83
0.8408217654948364	0.39538648674950805	0.9427768240303949	0	83	84
0.9058711889309433	0.8512282789775755	0.18565325990183545	0	83	84
0.42084845699017004	0.07087527825138162	0.7380187002381265	0	83	84
0.7394094511476675	0.48778786819200326	0.2547265121767869	0	83	84
0.13510793504669738	0.04786350884810775	0.5604319590552924	0	83	84
0.11713762362282354	0.602836709920586	0.14668364457649463	0	83	85
0.6634909970932253	0.11429750557300855	0.1905602802101033	0	83	84
0.8776786654136829	0.523677966859098	0.13541803519043483	0	83	84
0.27938080421080846	0.23819947249683915	0.6043566155543422	0	84	85
0.5398008539927226	0.6046861856346557	0.32625939702611717	0	84	85
0.6077610119931626	0.8899608174276703	0.3953779843406532	0	84	90
0.6221633760697384	0.3223781540745567	0.15188287266035416	0	84	85
0.6479699888493744	0.8105771870795564	0.5004845838529044	0	84	86
0.3341825660810248	0.9834632756600552	0.12765435631318933	0	84	85
0.48643964562507935	0.31418031044579475	0.31876768097283026	0	85	86
0.8487025418613952	0.5505182182003598	0.6251804411232239	0	85	86
0.7337205029834095	0.29172698081623005	0.23826384967125336	0	85	86
0.5851470731064601	0.7571603401809388	0.4823350530333156	0	85	86
0.13175184007238405	0.8003407833220956	0.8537999827631314	0	85	86
0.6698827172415937	0.7616970837003099	0.3683904365471533	0	85	86
0.035653676248990074	0.8133162349161526	0.742575757301718	0	85	86
0.15258271560335535	0.36113070989335117	0.08556043793389823	0	85	86
0.30682716011700195	0.708294829404215	0.25758056986559297	0	85	86
0.36367535417982866	0.39478060395159087	0.8937474373173203	0	85	86
0.5254483360289672	0.23353725073056286	0.1963121917070676	0	86	88
0.8035625171118085	0.8724725809513061	0.6530106436724334	0	86	87
0.2941111476126004	0.10931425555027596	0.06433522763286592	0	86	87
0.9167621598999669	0.06185279342923178	0.13204444561419248	0	86	87
0.20905842709032052	0.5044713618716336	0.4854718823533243	0	86	90
0.19693500692345167	0.9389631580073741	0.6285066390560896	0	86	87
0.5520294945689169	0.6123321877799904	0.33597633507358937	0	86	87
0.6925231378456596	0.8543316720340133	0.11668264403975859	0	86	90
0.6878496245922981	0.021525601466277244	0.6079933439689772	0	87	88
0.813471162659646	0.8987912575899676	0.7689316345993521	0	87	88
0.6788358656087429	0.9226290067193679	0.3531133039437776	0	87	88
0.2775061928969397	0.56964942702071	0.7076642808685231	0	87	91
0.8801676744156306	0.7715332591161372	0.49052867551797164	0	87	90
0.7006511246439624	0.2657301808682856	0.2955898187346485	0	87	88
0.003186123643991068	0.0011216101855867633	0.0710203765319446	0	87	88
0.1887914101897199	0.46876508210826195	0.4805857766246733	0	87	88
0.9753567042432905	0.8779001471760183	0.654272797223841	0	87	88
0.6788377210974412	0.1774467906865297	0.6591832103651933	0	87	88
0.5510153474543702	0.03985691459357377	0.687985009853172	0	87	88
0.6999987842577666	0.449729014537366	0.9955423983128567	0	87	88
0.20385331076923463	0.084213206665254	0.11556756223965192	0	87	88
0.4994938094403024	0.334384398519873	0.4124350934230592	0	87	88
0.7587125245860781	0.5041419052940783	0.6647837771374348	0	88	89
0.7030055406048624	0.7738421822745672	0.8086990089784198	0	88	-1
0.8475165978748256	0.7600046890886826	0.2609154749301582	0	88	92
0.586733267725774	0.8554398359657605	0.3892174515521437	0	88	93
0.5431883053279978	0.2795717609953977	0.6382618876154091	0	88	90
0.44553382879100967	0.2357365395522938	0.5385408507951063	0	89	90
0.8519530640709417	0.5041468243515674	0.9475999602322711	0	89	90
0.530619743093279	0.04040206603209229	0.9333328103591809	0	89	90
0.9416648341539366	0.8882291248437411	0.515198855734824	0	89	91
0.03484685976999902	0.3240750745281511	0.9293638295104449	0	89	93
0.9946298790704766	0.2445684353933666	0.9879469042804695	0	89	91
0.1316639252023616	0.5453023467902667	0.07959400069339762	0	90	91
0.6753962748670518	0.369207360483757	0.2288602762547487	0	90	91
0.7691283028404081	0.032861110854325526	0.6713163502090421	0	90	91
0.4928997907150302	0.3197333915366162	0.8576124017994416	0	90	91
0.7036768181190818	0.5356571162516964	0.05663721591065407	0	90	93
0.9838775976958651	0.039425807293576476	0.17903759929449647	0	90	91
0.5242617845605815	0.5398243798743325	0.0809343546948944	0	90	91
0.05112199550970431	0.018303759238543993	0.7127741335537208	0	90	91
0.3179230539699994	0.33352422367067414	0.6330174095603354	0	91	92
0.7641893157071279	0.8940591611432135	0.6537073461020153	0	91	92
0.22833406254943656	0.8119067042410378	0.2206911910209396	0	91	94
0.7193699229799971	0.8126064470134243	0.7012334503842392	0	91	92
0.3559413223806752	0.107477627368887	0.7322407459101171	0	91	92
0.9916504289065055	0.2501784304320511	0.9936332197053476	0	91	92
0.728609771421645	0.5562250553056156	0.5611540781789981	0	91	95
0.020260672581230543	0.375293462464276	0.5376702110013738	0	92	93
0.015241336488032942	0.8290482909292761	0.321097613562905	0	92	93
0.1629783315418578	0.8400473181191638	0.9873011473635699	0	92	93
0.1034256705212232	0.4913758549675722	0.8494506804424101	0	92	93
0.14525892509551197	0.17313805977662522	0.7082272475590349	0	92	93
0.7986460895056802	0.48023895567526853	0.27211681756637063	0	93	95
0.47649333637526714	0.37003016383984666	0.5959044972017141	0	93	94
0.31579384153608925	0.9217948274144534	0.13197377696149637	0	93	94
0.18425959005063086	0.1616806059962279	0.3179138865589798	0	93	94
0.20865976732943547	0.5453391150182357	0.8394953618962314	0	93	96
0.34675391299753666	0.6555547699450579	0.019408036470765277	0	93	94
0.5006579035655433	0.5926563746153706	0.5108898121121663	0	93	94
0.2432363960846543	0.95484899412598	0.45386776789010186	0	93	94
0.04551006543123037	0.5327371564303629	0.4285833826878951	0	93	94
0.07993096097173613	0.9355265524866507	0.5600133567137604	0	93	95
0.7932128748013866	0.39539024506224707	0.8486637691256894	0	94	95
0.8091414403516867	0.41244049936539506	0.8007759976360018	0	94	95
0.7790736741690819	0.19033404770555018	0.6890424255736729	0	94	96
0.12743389942352124	0.3400008142028813	0.04887401498167154	0	94	95
0.6215471709081292	0.4805580151920015	0.0023008194243080426	0	94	95
0.029997098282409262	0.42053728864374695	0.3907911700258131	0	94	100
0.35115001201159746	0.7048816190238991	0.9507882744510735	0	94	95
0.3568518225278936	0.9806652517293416	0.7971254125931085	0	94	97
0.05867060277529146	0.781012927879447	0.3402568720901329	0	94	95
0.23120859131910088	0.9338751857040694	0.6614579309297869	0	94	95
0.3937332455448054	0.1062119666003557	0.3436211072995613	0	94	95
0.9081049199164972	0.4686168041888934	0.9049695307056959	0	95	96
0.15236906488946123	0.5245174380027902	0.4163854664727874	0	95	99
0.7467393617362857	0.1125634330027181	0.5107396867856479	0	95	96
0.3847937752439127	0.4406306597815556	0.29821526212708727	0	95	100
0.5846618094443818	0.22981057268392235	0.09959943375562352	0	95	96
0.44119162239308873	0.3193779642876825	0.8516477654202267	0	95	96
0.7102572275893668	0.35209346291612453	0.13782747483569302	0	95	97
0.40831878725512616	0.9955104405380494	0.9839993256109113	0	95	97
0.8678891740866551	0.30170698335686363	0.8319586191904427	0	95	96
0.5723266407946105	0.7948309992638003	0.32425714811436857	0	95	96
0.8870889139493814	0.4353634558024724	0.03597523588898999	0	96	97
0.9085177463092604	0.07013100489111268	0.9272617297546574	0	96	97
0.07105452878892937	0.9801263084028384	0.9710345131840477	0	96	97
0.5400992538462381	0.6933829133153407	0.5104137254254052	0	96	97
0.9074666244128893	0.2798668228760999	0.7829404499378754	0	96	97
0.009032596056513298	0.7830137045843918	0.12804593528198194	0	96	97
0.15588794076799606	0.8155442340177949	0.38618970909965267	0	96	97
0.6924927295788836	0.21812938072927346	0.4345296879613869	0	96	97
0.5104353028766666	0.6383961100418905	0.4610378335949634	0	96	97
0.2202687117467934	0.0005900963303194784	0.9798493511622136	0	96	97
0.9595781777500725	0.2785568071367607	0.760805716950032	0	96	98
0.570728641895237	0.6511678608118664	0.6730877560841283	0	96	97
0.3715921323813016	0.929906816382667	0.3413608667455241	0	96	-1
0.77516474063869	0.38549482123765133	0.06433232420027701	0	96	97
0.012053201350733844	0.6168209801737924	0.4729719488624673	0	96	97
0.09591127757690565	0.5838494589988806	0.7507001635601075	0	96	98
0.7257662514695382	0.3079481161489972	0.4793690462022071	0	97	98
0.3093039283809279	0.20747645056380093	0.6083900238229161	0	97	99
0.6345431740712353	0.4652153114791704	0.9290783737203828	0	97	98
0.13872022629036473	0.27246133092462466	0.6959825304844901	0	97	98
0.9342840529410257	0.013998272089613573	0.003728963679399677	0	97	98
0.21244300246906078	0.07802586868040418	0.6173872576646233	0	97	99
0.7576136868501615	0.8591394824718402	0.15517067395732387	0	97	98
0.1082977571271384	0.3807034017637245	0.513984369010627	0	97	98
0.31765409403291245	0.2627246752089788	0.9106947608935595	0	97	99
0.9037241417967237	0.9506644525441803	0.12327673211510193	0	97	98
0.7138975446083341	0.19197363139704116	0.14231554288194848	0	97	98
0.44879104555800853	0.3550403827844637	0.23238399319132652	0	97	98
0.9043069185832294	0.959468132662119	0.2126754748947095	0	97	98
0.49403803222461695	0.9201809863886703	0.8151795904642255	0	98	99
0.7260746092883686	0.634987008816466	0.07696695551553623	0	98	99
0.39847157941571754	0.35143837898446895	0.7610430958638154	0	98	99
0.44822801085688224	0.79168792752047	0.8241156262300872	0	98	99
0.15693015369413976	0.7476969444423981	0.5248436069131678	0	98	99
0.12120571274286429	0.9575128193833197	0.8363113636304272	0	98	-1
0.41617102738957457	0.30543975412857693	0.4000649020726841	0	98	100
0.9638958295305909	0.6047074510446625	0.8857562202731539	0	98	-1
0.056399728555466044	0.2075678980212955	0.11489904915652716	0	98	100
0.10153373246317243	0.7485517843779537	0.9443664954079232	0	98	-1
0.2734202492905997	0.12261845166615615	0.6841608657955138	0	99	100
0.1930223532118749	0.38789108252295623	0.5578084656867375	0	99	-1
0.07285098058529715	0.05741619847293333	0.019221810220664826	0	99	100
0.03862863135274652	0.6616417791215398	0.7243213974306784	0	99	-1
0.7949072155874709	0.1415856461777164	0.9182550320848796	0	99	100
0.25810205236354167	0.7775579178327436	0.6302531765098182	0	99	100
0.25471537928818366	0.37836252836966855	0.5703703177498508	0	99	100
0.4066916629533328	0.5767739477676226	0.48068046291376554	0	99	-1
0.7812270418214391	0.9901736192380587	0.010293728562847049	0	100	-1
0.08188406929450476	0.3039765696700104	0.21882475348432318	0	100	-1
0.08894825034576681	0.2768848061828779	0.808686497944082	0	100	-1
0.6830343045396915	0.394914553520596	0.3941139395903246	0	100	-1
0.6104975971701289	0.6498663662266947	0.6304703586466804	0	100	-1
0.5383092362005437	0.01291284874171339	0.6428621214180176	0	100	-1
0.7368020982916177	0.8806207796393565	0.8328009534558888	0	100	-1
0.3647262672139051	0.9855938832824365	0.8823232665795459	0	100	-1
0.5733977340593058	0.839709490945846	0.27123075263981544	0	100	-1
0.38866124033831106	0.3795030954702968	0.23652406133412351	0	100	-1
0.5443512778215858	0.3307489577858307	0.6496850859120643	0	100	-1
0.9965123144589081	0.3707278396149759	0.7770070930439568	0	100	-1
0.6765778267672803	0.7144695259841742	0.572988939059343	0	100	-1
0.32465826379790386	0.08832933046152591	0.3987385058023578	0	100	-1
0.8128887186390111	0.7349011731010135	0.9972273196347362	0	100	-1
