0 0.05 0.1 0.15 0.2 0.25 0.3 0.35 0.4 0.45 0.5 0.55 0.6 0.65 0.7 0.75 0.8 0.85 0.9 0.95 1
   10.00    10.00    10.00    10.00    10.00    10.00    10.00    10.00    10.00    10.00    10.00    10.00    10.00    10.00    10.00    10.00    10.00    10.02    10.03    10.06    10.08
   10.00    10.00    10.00    10.00    10.00    10.00    10.00    10.00    10.01    10.02    10.05    10.07    10.23    10.60    11.08    12.03    13.85    15.77    17.59    19.29    20.00
   10.00    10.00    10.00    10.01    10.00    10.01    10.05    10.12    10.32    10.81    11.78    13.36    16.10    18.72    20.06    20.97    22.83    26.48    31.45    38.70    51.47
   10.01    10.01    10.02    10.05    10.05    10.31    10.60    11.71    13.75    16.64    19.29    20.27    21.52    25.23    31.52    40.72    62.06   177.92 19929.51 20000.00 20000.00
   10.02    10.02    10.09    10.24    10.90    11.93    14.43    17.51    19.80    20.63    23.24    28.88    37.30    55.59   156.17 20000.00 20000.00 20000.00 20000.00 20000.00 20000.00
   10.13    10.19    10.56    11.42    13.47    17.02    19.49    20.56    22.92    28.55    37.37    57.49   213.12 20000.00 20000.00 20000.00 20000.00 20000.00 20000.00 20000.00 20000.00
   10.54    10.99    12.56    15.37    18.53    20.17    21.36    26.00    33.51    48.27   104.74 20000.00 20000.00 20000.00 20000.00 20000.00 20000.00 20000.00 20000.00 20000.00 20000.00
   11.49    13.32    16.43    19.22    20.28    22.18    28.00    37.51    59.64   290.94 20000.00 20000.00 20000.00 20000.00 20000.00 20000.00 20000.00 20000.00 20000.00 20000.00 20000.00
   14.07    16.76    19.53    20.47    22.68    29.42    39.45    68.36  1836.41 20000.00 20000.00 20000.00 20000.00 20000.00 19850.45 18415.31 13392.42  8660.52  4968.64  3328.80  2572.19
   17.19    19.74    20.56    22.75    29.76    40.55    71.05  6368.35 20000.00 20000.00 19984.07  7295.84   635.22   230.89   150.29   112.82    96.35    85.79    81.25    76.28    73.44
   19.62    20.45    22.80    29.42    39.28    67.78  1591.26 20000.00 19904.82   452.88   128.59    83.96    64.40    55.73    50.58    46.05    44.24    42.06    40.88    39.43    40.01
   20.43    22.39    28.43    37.51    61.17   308.82 20000.00   505.76   109.18    69.01    52.56    44.67    39.79    36.28    34.77    33.43    31.91    31.10    30.12    29.79    28.93
   21.65    26.66    34.40    53.61   152.70 20000.00   165.82    75.10    52.82    42.78    37.39    33.48    31.04    28.92    27.23    26.69    25.97    25.41    24.53    24.41    24.11
   25.46    32.52    47.14    99.37 20000.00   128.45    64.34    46.93    37.53    33.25    30.04    27.25    25.36    24.14    23.27    22.75    22.50    21.93    21.91    21.70    21.54
   30.55    41.25    72.17 10735.71   126.85    61.62    43.75    35.85    30.80    27.73    24.99    23.26    22.59    21.91    21.45    21.11    20.79    20.75    20.61    20.32    20.43
   36.92    56.69   182.33   156.03    63.88    43.17    34.30    29.50    26.30    23.56    21.83    21.47    20.87    20.73    20.26    20.12    20.05    19.90    19.89    19.67    19.39
   46.85    95.96   302.77    70.50    44.80    34.60    29.31    25.51    22.69    21.34    20.83    20.51    20.20    19.98    19.50    19.27    19.16    18.75    18.85    18.61    18.40
   66.08   414.31    89.86    48.97    36.03    29.77    25.44    22.58    21.00    20.69    20.16    19.74    19.50    18.89    18.75    18.07    17.56    17.52    17.28    17.32    17.01
  117.23   145.35    57.17    38.63    30.80    25.90    22.38    21.08    20.41    20.00    19.53    19.03    18.43    17.86    16.98    16.68    16.34    15.94    15.87    15.66    15.53
 2761.94    74.12    43.55    32.79    27.14    22.91    21.01    20.39    19.91    19.46    18.52    18.02    16.84    16.39    15.35    15.29    15.05    15.06    14.15    13.87    14.21
