0 0.05 0.1 0.15 0.2 0.25 0.3 0.35 0.4 0.45 0.5 0.55 0.6 0.65 0.7 0.75 0.8 0.85 0.9 0.95 1
   0.000000    0.000000    0.000000    0.000000    0.000000    0.000000    0.000000    0.000000    0.000000    0.000000    0.000000    0.000000    0.000000    0.000000    0.000000    0.000000    0.000000    0.000000    0.000000    0.000000    0.000000
   0.000000    0.000000    0.000000    0.000000    0.000000    0.000000    0.000000    0.000000    0.000000    0.000000    0.000000    0.000000    0.000000    0.000000    0.000000    0.000000    0.000000    0.000000    0.000000    0.000000    0.000000
   0.000000    0.000000    0.000000    0.000000    0.000000    0.000000    0.000000    0.000000    0.000000    0.000000    0.000000    0.000000    0.000000    0.000000    0.000000    0.000000    0.000000    0.000000    0.000000    0.000000    0.000000
   0.000000    0.000000    0.000000    0.000000    0.000000    0.000000    0.000000    0.000000    0.000000    0.000000    0.000000    0.000000    0.000000    0.000000    0.000000    0.000000    0.000000    0.000000  240.095569  357.701551  428.569986
   0.000000    0.000000    0.000000    0.000000    0.000000    0.000000    0.000000    0.000000    0.000000    0.000000    0.000000    0.000000    0.000000    0.000000    0.000000  260.407108  399.938274  485.898178  545.370881  589.279939  623.020630
   0.000000    0.000000    0.000000    0.000000    0.000000    0.000000    0.000000    0.000000    0.000000    0.000000    0.000000    0.000000    0.000000  322.408814  477.609631  579.074059  654.609077  716.428750  772.473526  831.088277 1633.410819
   0.000000    0.000000    0.000000    0.000000    0.000000    0.000000    0.000000    0.000000    0.000000    0.000000    0.000000  285.080231  513.918564  666.928702  798.743382  989.300530 1608.357373 1671.393896 1704.481984 1725.047354 1738.793777
   0.000000    0.000000    0.000000    0.000000    0.000000    0.000000    0.000000    0.000000    0.000000    0.000000  463.037499  721.529262  997.568383 1549.534308 1680.437836 1736.885760 1769.404542 1790.171555 1804.065473 1813.654668 1820.419094
   0.000000    0.000000    0.000000    0.000000    0.000000    0.000000    0.000000    0.000000    0.097649  643.058310 1069.565232 1581.016475 1733.539769 1801.185696 1841.368767 1879.425849 1937.066845 1975.208516 1993.707605 1998.206735 1999.435081
   0.000000    0.000000    0.000000    0.000000    0.000000    0.000000    0.000000   21.179093  858.476612 1505.197687 1767.365879 1979.101486 2000.000000 2000.000000 2000.000000 2000.000000 2000.000000 2000.000000 2000.000000 2000.000000 2000.000000
   0.000000    0.000000    0.000000    0.000000    0.000000    0.000000    0.020272 1096.891685 1732.383691 2000.000000 2000.000000 2000.000000 2000.000000 2000.000000 2000.000000 2000.000000 2000.000000 2000.000000 2000.000000 2000.000000 2000.000000
   0.000000    0.000000    0.000000    0.000000    0.000000    0.000000 1281.084453 2000.000000 2000.000000 2000.000000 2000.000000 2000.000000 2000.000000 2000.000000 2000.000000 2000.000000 2000.000000 2000.000000 2000.000000 2000.000000 2000.000000
   0.000000    0.000000    0.000000    0.000000    0.000000 1353.964289 2000.000000 2000.000000 2000.000000 2000.000000 2000.000000 2000.000000 2000.000000 2000.000000 2000.000000 2000.000000 2000.000000 2000.000000 2000.000000 2000.000000 2000.000000
   0.000000    0.000000    0.000000    0.000000 1213.475773 2000.000000 2000.000000 2000.000000 2000.000000 2000.000000 2000.000000 2000.000000 2000.000000 2000.000000 2000.000000 2000.000000 2000.000000 2000.000000 2000.000000 2000.000000 2000.000000
   0.000000    0.000000    0.000000  145.330916 2000.000000 2000.000000 2000.000000 2000.000000 2000.000000 2000.000000 2000.000000 2000.000000 2000.000000 2000.000000 2000.000000 2000.000000 2000.000000 2000.000000 2000.000000 2000.000000 2000.000000
   0.000000    0.000000    0.000000 2000.000000 2000.000000 2000.000000 2000.000000 2000.000000 2000.000000 2000.000000 2000.000000 2000.000000 2000.000000 2000.000000 2000.000000 2000.000000 2000.000000 2000.000000 2000.000000 2000.000000 2000.000000
   0.000000    0.000000 2000.000000 2000.000000 2000.000000 2000.000000 2000.000000 2000.000000 2000.000000 2000.000000 2000.000000 2000.000000 2000.000000 2000.000000 2000.000000 2000.000000 2000.000000 2000.000000 2000.000000 2000.000000 2000.000000
   0.000000    0.000000 2000.000000 2000.000000 2000.000000 2000.000000 2000.000000 2000.000000 2000.000000 2000.000000 2000.000000 2000.000000 2000.000000 2000.000000 2000.000000 2000.000000 2000.000000 2000.000000 2000.000000 2000.000000 2000.000000
   0.000000 2000.000000 2000.000000 2000.000000 2000.000000 2000.000000 2000.000000 2000.000000 2000.000000 2000.000000 2000.000000 2000.000000 2000.000000 2000.000000 2000.000000 2000.000000 2000.000000 2000.000000 2000.000000 2000.000000 2000.000000
1009.078713 2000.000000 2000.000000 2000.000000 2000.000000 2000.000000 2000.000000 2000.000000 2000.000000 2000.000000 2000.000000 2000.000000 2000.000000 2000.000000 2000.000000 2000.000000 2000.000000 2000.000000 2000.000000 2000.000000 2000.000000
